groupe_Sprite/SPRITE/includes/srtm_36_03_cropRGF84.asc
ncols        446
nrows        369
xllcorner    352906.669563842355
yllcorner    6535796.566448143683
cellsize     69.445202804341
NODATA_value -32768
[rows 280 to 314 of 369, columns 240 to 319 of 446]
-32768 -32768 -32768 -32768 -32768 -32768 -32768 -32768 0 5 5 5 5 7 7 7 9 9 8 6 6 6 5 8 10 13 14 17 17 13 11 12 14 15 13 8 8 12 15 16 16 15 13 12 12 12 12 13 15 9 5 4 6 4 3 1 2 3 1 -32768 -32768 -32768 -32768 -32768 -32768 -32768 -32768 -32768 -32768 -32768 -32768 -32768 -32768 -32768 -32768 -32768 -32768 -32768 -32768 -32768
-32768 -32768 -32768 -32768 -32768 -32768 -32768 -32768 -1 6 6 5 7 8 7 7 7 6 6 4 5 6 5 7 10 12 13 15 17 14 12 11 14 15 13 10 10 10 13 17 18 16 14 14 13 10 9 11 14 11 9 10 7 3 3 3 3 2 2 -32768 -32768 -32768 -32768 -32768 -32768 -32768 -32768 -32768 -32768 -32768 -32768 -32768 -32768 -32768 -32768 -32768 -32768 -32768 -32768 -32768
-32768 -32768 -32768 -32768 -32768 -32768 -32768 -32768 5 7 5 5 7 6 7 5 5 5 7 4 3 4 6 7 8 9 10 14 15 14 12 11 12 13 12 11 11 9 11 15 16 15 15 13 13 13 9 9 12 12 11 11 11 6 3 1 3 2 2 2 -32768 -32768 -32768 -32768 -32768 -32768 -32768 -32768 -32768 -32768 -32768 -32768 -32768 -32768 -32768 -32768 -32768 -32768 -32768 -32768
-32768 -32768 -32768 -32768 -32768 -32768 -32768 2 7 7 6 6 6 5 8 7 7 7 9 6 4 4 5 6 6 9 10 14 15 14 9 9 12 13 11 11 12 13 12 12 13 15 17 15 14 14 12 10 11 13 11 11 14 6 3 1 1 1 1 1 0 -32768 -32768 -32768 -32768 -32768 -32768 -32768 -32768 -32768 -32768 -32768 -32768 -32768 -32768 -32768 -32768 -32768 -32768 -32768
-32768 -32768 -32768 -32768 -32768 -32768 -32768 -32768 7 5 7 7 4 6 5 8 8 8 8 7 5 5 5 6 6 9 9 12 14 14 11 11 12 12 10 10 13 12 11 11 13 16 22 24 19 16 13 11 12 12 11 11 14 13 7 3 2 3 2 2 0 -32768 -32768 -32768 -32768 -32768 -32768 -32768 -32768 -32768 -32768 -32768 -32768 -32768 -32768 -32768 -32768 -32768 -32768 -32768
-32768 -32768 -32768 -32768 -32768 -32768 -32768 -32768 6 6 6 5 3 4 5 6 8 7 8 7 5 5 5 4 5 9 11 10 11 11 11 12 12 11 11 11 12 9 10 11 13 13 18 23 22 19 14 11 12 12 12 14 16 15 12 8 4 1 2 3 3 1 -1 -32768 -32768 -32768 -32768 -32768 -32768 -32768 -32768 -32768 -32768 -32768 -32768 -32768 -32768 -32768 -32768 -32768
-32768 -32768 -32768 -32768 -32768 -32768 -32768 -32768 9 7 4 4 5 4 4 5 8 7 8 7 5 4 3 4 10 11 10 9 11 11 13 12 12 11 10 11 12 12 13 14 16 16 17 21 22 19 14 13 14 15 17 19 20 19 16 10 2 2 3 3 3 3 2 -32768 -32768 -32768 -32768 -32768 -32768 -32768 -32768 -32768 -32768 -32768 -32768 -32768 -32768 -32768 -32768 -32768
-32768 -32768 -32768 -32768 -32768 -32768 -32768 -32768 -32768 7 6 6 4 4 4 5 8 8 8 7 6 6 5 6 9 11 10 8 9 11 12 11 10 11 14 14 17 16 15 17 22 16 17 21 23 20 18 17 18 18 17 18 22 25 23 14 4 4 3 2 2 2 2 0 -32768 -32768 -32768 -32768 -32768 -32768 -32768 -32768 -32768 -32768 -32768 -32768 -32768 -32768 -32768 -32768
-32768 -32768 -32768 -32768 -32768 -32768 -32768 -32768 -32768 10 6 6 4 5 5 5 6 6 6 6 7 8 6 5 8 11 10 12 13 13 12 11 12 12 11 15 18 15 17 22 24 25 25 25 22 17 16 18 16 17 16 21 27 30 23 12 6 4 3 3 3 1 2 0 -32768 -32768 -32768 -32768 -32768 -32768 -32768 -32768 -32768 -32768 -32768 -32768 -32768 -32768 -32768 -32768
-32768 -32768 -32768 -32768 -32768 -32768 -32768 -32768 -32768 10 8 5 5 6 7 7 6 7 7 7 7 7 8 7 11 11 10 12 13 11 11 12 14 13 12 15 18 15 13 14 18 21 23 23 22 21 18 14 14 16 16 25 33 27 20 12 9 8 6 5 3 3 2 0 -32768 -32768 -32768 -32768 -32768 -32768 -32768 -32768 -32768 -32768 -32768 -32768 -32768 -32768 -32768 -32768
-32768 -32768 -32768 -32768 -32768 -32768 -32768 -32768 -32768 8 7 6 4 5 7 5 5 7 7 6 4 6 7 9 11 9 11 13 11 11 11 12 14 13 12 17 21 21 16 16 17 19 22 21 24 25 22 14 16 19 22 28 24 20 14 14 12 10 8 5 3 3 3 1 -32768 -32768 -32768 -32768 -32768 -32768 -32768 -32768 -32768 -32768 -32768 -32768 -32768 -32768 -32768 -32768
-32768 -32768 -32768 -32768 -32768 -32768 -32768 -32768 -32768 0 4 4 4 7 7 5 5 5 7 6 6 7 6 8 9 10 12 11 11 11 11 11 12 13 12 14 22 22 19 15 18 22 24 24 24 26 25 17 15 18 21 25 21 17 14 13 10 8 6 5 5 5 3 2 -32768 -32768 -32768 -32768 -32768 -32768 -32768 -32768 -32768 -32768 -32768 -32768 -32768 -32768 -32768 -32768
-32768 -32768 -32768 -32768 -32768 -32768 -32768 -32768 -32768 -32768 3 4 4 7 8 4 5 6 6 6 6 7 7 9 9 10 12 11 9 10 12 11 9 8 10 11 19 22 20 16 16 21 24 24 24 25 28 26 16 18 20 24 21 17 14 13 13 12 9 7 5 3 2 -32768 -32768 -32768 -32768 -32768 -32768 -32768 -32768 -32768 -32768 -32768 -32768 -32768 -32768 -32768 -32768 -32768
-32768 -32768 -32768 -32768 -32768 -32768 -32768 -32768 -32768 -32768 -1 4 4 6 7 5 6 7 9 9 7 5 7 9 9 10 9 8 9 9 10 11 9 9 11 12 14 15 16 16 16 18 19 21 21 22 28 30 22 18 20 24 21 17 13 12 12 12 11 10 6 6 3 -32768 -32768 -32768 -32768 -32768 -32768 -32768 -32768 -32768 -32768 -32768 -32768 -32768 -32768 -32768 -32768 -32768
-32768 -32768 -32768 -32768 -32768 -32768 -32768 -32768 -32768 -32768 4 4 4 5 7 4 4 5 6 9 7 5 6 6 9 10 11 9 11 11 11 10 9 10 12 12 11 15 16 19 19 18 16 16 18 22 28 30 22 21 20 20 19 17 16 14 12 11 12 14 9 6 4 4 -32768 -32768 -32768 -32768 -32768 -32768 -32768 -32768 -32768 -32768 -32768 -32768 -32768 -32768 -32768 -32768
-32768 -32768 -32768 -32768 -32768 -32768 -32768 -32768 -32768 -32768 3 4 4 4 6 5 4 5 6 7 6 6 7 7 10 11 10 9 12 13 11 10 11 11 13 14 13 19 21 21 19 16 16 16 18 22 27 29 23 19 17 15 16 17 16 14 13 12 12 13 15 10 4 6 -32768 -32768 -32768 -32768 -32768 -32768 -32768 -32768 -32768 -32768 -32768 -32768 -32768 -32768 -32768 -32768
-32768 -32768 -32768 -32768 -32768 -32768 -32768 -32768 -32768 -32768 -32768 4 4 4 6 5 5 6 5 7 5 6 7 9 8 8 10 10 12 17 15 11 9 12 15 16 13 15 17 17 19 16 16 14 17 17 21 21 18 13 15 15 14 12 11 11 13 15 16 17 15 13 8 5 2 -32768 -32768 -32768 -32768 -32768 -32768 -32768 -32768 -32768 -32768 -32768 -32768 -32768 -32768 -32768
-32768 -32768 -32768 -32768 -32768 -32768 -32768 -32768 -32768 -32768 -32768 4 4 5 7 5 6 7 6 8 7 7 7 7 6 6 8 8 13 16 15 11 10 13 13 13 11 15 17 17 17 15 15 14 15 15 15 13 15 15 17 15 11 10 10 12 13 14 16 17 13 15 11 7 2 -32768 -32768 -32768 -32768 -32768 -32768 -32768 -32768 -32768 -32768 -32768 -32768 -32768 -32768 -32768
-32768 -32768 -32768 -32768 -32768 -32768 -32768 -32768 -32768 -32768 6 6 5 6 7 7 6 5 7 8 4 5 6 6 6 7 9 8 11 15 15 15 14 11 13 13 11 12 11 11 12 12 14 17 15 12 10 11 16 18 15 11 11 13 14 14 13 14 15 14 12 15 11 7 6 -32768 -32768 -32768 -32768 -32768 -32768 -32768 -32768 -32768 -32768 -32768 -32768 -32768 -32768 -32768
-32768 -32768 -32768 -32768 -32768 -32768 -32768 -32768 -32768 4 9 7 6 8 8 6 6 6 6 7 5 6 7 6 6 8 9 9 11 13 14 15 14 11 9 10 10 9 9 9 13 13 13 15 15 14 12 13 16 15 13 12 14 15 15 15 15 15 15 14 12 15 12 8 7 6 -32768 -32768 -32768 -32768 -32768 -32768 -32768 -32768 -32768 -32768 -32768 -32768 -32768 -32768
-32768 -32768 -32768 -32768 -32768 -32768 -32768 -32768 -32768 5 9 7 7 9 8 6 5 5 6 5 4 6 7 10 10 8 9 12 11 13 14 16 15 10 7 6 8 10 11 11 14 13 15 17 17 15 13 12 13 12 12 13 15 16 15 15 15 15 15 13 15 17 15 8 6 6 4 -32768 -32768 -32768 -32768 -32768 -32768 -32768 -32768 -32768 -32768 -32768 -32768 -32768
-32768 -32768 -32768 -32768 -32768 -32768 -32768 -32768 -32768 -32768 -32768 6 8 10 8 5 6 6 7 6 4 3 5 8 8 9 12 11 11 15 17 17 16 12 10 7 8 9 12 13 11 10 13 17 15 14 13 12 11 13 12 12 15 16 15 13 13 15 16 15 16 16 14 6 6 7 6 6 -32768 -32768 -32768 -32768 -32768 -32768 -32768 -32768 -32768 -32768 -32768 -32768
-32768 -32768 -32768 -32768 -32768 -32768 -32768 -32768 -32768 -32768 -32768 5 10 12 11 6 4 5 7 5 5 3 5 8 7 7 11 11 12 12 13 15 13 11 8 8 11 11 14 14 15 14 13 10 9 11 11 13 12 13 12 12 14 16 15 15 14 13 13 13 14 13 12 7 6 5 7 8 6 -32768 -32768 -32768 -32768 -32768 -32768 -32768 -32768 -32768 -32768 -32768
-32768 -32768 -32768 -32768 -32768 -32768 -32768 -32768 -32768 -32768 -32768 5 8 10 10 6 4 5 7 5 5 4 4 9 9 8 12 16 16 14 13 16 16 13 10 10 13 13 15 15 13 10 8 8 7 8 11 13 12 10 10 10 12 14 14 12 13 14 15 15 14 12 14 12 9 9 9 10 7 6 -32768 -32768 -32768 -32768 -32768 -32768 -32768 -32768 -32768 -32768
-32768 -32768 -32768 -32768 -32768 -32768 -32768 -32768 -32768 -32768 -32768 1 7 10 9 6 4 5 6 7 6 6 7 9 10 11 13 15 15 15 16 18 17 13 10 9 11 11 9 8 8 5 8 7 8 9 8 12 12 13 13 11 12 14 15 14 14 12 11 11 11 9 10 9 10 10 10 9 9 8 -32768 -32768 -32768 -32768 -32768 -32768 -32768 -32768 -32768 -32768
-32768 -32768 -32768 -32768 -32768 -32768 -32768 -32768 -32768 -32768 -32768 1 7 10 9 6 4 6 8 9 7 6 7 8 7 9 11 12 13 12 15 15 15 14 13 12 10 6 3 8 8 5 5 5 7 7 6 12 13 14 15 14 15 12 12 10 10 9 9 9 7 8 8 9 11 10 10 9 9 8 3 -32768 -32768 -32768 -32768 -32768 -32768 -32768 -32768 -32768
-32768 -32768 -32768 -32768 -32768 -32768 -32768 -32768 -32768 -32768 -32768 1 7 10 11 6 3 5 7 8 7 6 7 7 6 7 10 12 12 10 13 14 14 15 17 11 10 6 3 3 2 1 2 4 5 5 5 9 9 11 13 12 11 9 8 9 8 8 7 7 7 8 8 9 11 10 10 10 9 9 5 -32768 -32768 -32768 -32768 -32768 -32768 -32768 -32768 -32768
-32768 -32768 -32768 -32768 -32768 -32768 -32768 -32768 -32768 -32768 -32768 1 6 11 12 8 5 5 6 8 7 4 6 6 5 7 9 11 14 13 13 14 16 15 17 11 6 4 4 3 2 1 2 4 4 3 4 5 5 5 5 6 7 7 6 6 6 7 7 6 7 8 9 9 9 9 9 8 8 8 -32768 -32768 -32768 -32768 -32768 -32768 -32768 -32768 -32768 -32768
-32768 -32768 -32768 -32768 -32768 -32768 -32768 -32768 -32768 -32768 -32768 2 8 11 10 7 5 4 7 9 7 6 6 7 7 7 8 11 14 14 13 14 16 18 19 10 6 4 4 5 3 2 3 3 3 4 3 3 3 3 4 5 3 4 4 3 2 7 7 6 6 8 7 6 6 5 -32768 -32768 -32768 -32768 -32768 -32768 -32768 -32768 -32768 -32768 -32768 -32768 -32768 -32768
-32768 -32768 -32768 -32768 -32768 -32768 -32768 -32768 -32768 -32768 -32768 4 6 9 10 8 6 6 8 8 7 6 7 8 8 7 9 11 14 14 11 11 12 16 19 13 10 7 5 4 3 2 3 4 4 3 3 3 3 2 1 2 2 2 4 3 2 2 3 5 4 4 2 1 -32768 -32768 -32768 -32768 -32768 -32768 -32768 -32768 -32768 -32768 -32768 -32768 -32768 -32768 -32768 -32768
-32768 -32768 -32768 -32768 -32768 -32768 -32768 -32768 -32768 -32768 -32768 -32768 5 11 10 8 5 6 7 9 9 6 7 8 8 7 9 11 13 13 12 10 10 15 17 13 9 7 6 5 5 6 6 4 4 4 3 3 2 2 2 2 2 2 2 1 0 0 2 2 2 -32768 -32768 -32768 -32768 -32768 -32768 -32768 -32768 -32768 -32768 -32768 -32768 -32768 -32768 -32768 -32768 -32768 -32768 -32768
-32768 -32768 -32768 -32768 -32768 -32768 -32768 -32768 -32768 -32768 -32768 -32768 4 9 12 10 7 6 7 8 10 6 7 8 5 4 6 10 13 13 12 8 9 11 12 13 11 7 8 7 7 6 5 4 4 3 3 3 2 2 2 1 2 2 2 2 2 2 1 0 -1 -32768 -32768 -32768 -32768 -32768 -32768 -32768 -32768 -32768 -32768 -32768 -32768 -32768 -32768 -32768 -32768 -32768 -32768 -32768
-32768 -32768 -32768 -32768 -32768 -32768 -32768 -32768 -32768 -32768 -32768 -32768 6 9 11 11 7 5 7 8 10 7 6 8 5 5 6 9 14 14 9 8 12 15 16 11 10 9 11 11 10 9 7 6 5 3 3 3 3 2 3 2 1 1 3 3 1 0 1 -32768 -32768 -32768 -32768 -32768 -32768 -32768 -32768 -32768 -32768 -32768 -32768 -32768 -32768 -32768 -32768 -32768 -32768 -32768 -32768 -32768
-32768 -32768 -32768 -32768 -32768 -32768 -32768 -32768 -32768 -32768 -32768 11 11 10 11 11 7 5 6 7 8 8 7 9 7 7 5 6 12 13 11 9 10 13 14 13 10 8 10 11 12 9 7 6 5 4 3 5 6 5 4 3 2 3 3 2 1 1 -1 -32768 -32768 -32768 -32768 -32768 -32768 -32768 -32768 -32768 -32768 -32768 -32768 -32768 -32768 -32768 -32768 -32768 -32768 -32768 -32768 -32768
-32768 -32768 -32768 -32768 -32768 -32768 -32768 -32768 -32768 -32768 -32768 11 11 10 9 6 5 5 7 9 9 9 7 9 9 8 5 4 10 14 13 9 8 10 9 8 9 7 9 11 12 9 8 9 7 5 4 5 5 5 4 3 2 2 2 2 1 0 -32768 -32768 -32768 -32768 -32768 -32768 -32768 -32768 -32768 -32768 -32768 -32768 -32768 -32768 -32768 -32768 -32768 -32768 -32768 -32768 -32768 -32768
