groupe_Sprite/SPRITE/includes/srtm_36_03_crop_L93_ile_carre.asc
ncols        60
nrows        82
xllcorner    358891.152026138327
yllcorner    6536815.547215529718
cellsize     276.560853522238
NODATA_value  -1.6999999999999999388e+308
[rows 18 to 35 of 82, columns 0 to 41 of 60]
-1.6999999999999999388e+308 -1.6999999999999999388e+308 -1.6999999999999999388e+308 -1.6999999999999999388e+308 -1.6999999999999999388e+308 7.25 7.9375 7.125 1.6875 4 5.5625 3.0625 2.875 3.625 3.375 2.1875 2.3125 2.5 1.8125 2.8125 1.875 0.5625 1.125 0.1875 0.625 2.7692307692307691624 9.25 -1.6999999999999999388e+308 -1.6999999999999999388e+308 -1.6999999999999999388e+308 -1.6999999999999999388e+308 -1.6999999999999999388e+308 -1.6999999999999999388e+308 -1.6999999999999999388e+308 -1.6999999999999999388e+308 -1.6999999999999999388e+308 -1.6999999999999999388e+308 -1.6999999999999999388e+308 -1.6999999999999999388e+308 -1.6999999999999999388e+308 -1.6999999999999999388e+308 -1.6999999999999999388e+308
-1.6999999999999999388e+308 -1.6999999999999999388e+308 -1.6999999999999999388e+308 -1.6999999999999999388e+308 -1.6999999999999999388e+308 7 7.6875 6.25 4.3125 3 3.5 2.875 3.8125 4 3.6875 3.75 3.875 2.75 2.4375 1.5625 1.0625 0.1875 1.125 1.5 0.9375 1.8125 5.125 5.9285714285714288252 9.2857142857142864756 -1.6999999999999999388e+308 -1.6999999999999999388e+308 -1.6999999999999999388e+308 -1.6999999999999999388e+308 -1.6999999999999999388e+308 -1.6999999999999999388e+308 -1.6999999999999999388e+308 -1.6999999999999999388e+308 -1.6999999999999999388e+308 -1.6999999999999999388e+308 -1.6999999999999999388e+308 -1.6999999999999999388e+308 -1.6999999999999999388e+308
-1.6999999999999999388e+308 -1.6999999999999999388e+308 -1.6999999999999999388e+308 -1.6999999999999999388e+308 4.25 6.625 9.25 6.6875 7.1875 6.25 4.0625 3.375 4.0625 4.4375 4.4375 4.5 3.3125 2.75 2.25 2 0.625 0.375 2.1875 3.5 1.5625 1.25 2.3125 7.125 11.125 9.4285714285714288252 8.5 6.75 4.5 2 -1.6999999999999999388e+308 -1.6999999999999999388e+308 -1.6999999999999999388e+308 2 5.5 8.875 8.4285714285714288252 9.75
-1.6999999999999999388e+308 -1.6999999999999999388e+308 -1.6999999999999999388e+308 -1.6999999999999999388e+308 8 8.75 12.1875 5.125 4.0625 4.8125 5.375 5.0625 5.1875 4.9375 4.5 3.75 3.1875 4.8125 3.1875 1.1875 1.0625 3.1875 2.375 3.75 2.8125 2.4375 3.625 4.625 7.0625 9.9375 7.5625 8.125 8.625 8.4000000000000003553 7.9166666666666669627 5.1666666666666669627 11.25 8.5625 7.9375 11.8125 10.6875 11.0625
-1.6999999999999999388e+308 -1.6999999999999999388e+308 -1.6999999999999999388e+308 5 9.5 12.0625 12 3.875 4.75 4.625 5.375 5.8125 5.75 5.125 3.1875 4.5625 3.0625 4.125 4.375 3.0625 2.375 6.4375 5.1875 4.25 5.3125 4.8125 4.6875 4.3125 2.625 6.8125 8.4375 8.3125 9.875 9.9375 9.125 9.5625 12.5625 10.0625 10.4375 11.5 10.75 8.3125
-1.6999999999999999388e+308 -1.6999999999999999388e+308 -1.6999999999999999388e+308 1.5714285714285713969 6.3125 10.875 15.8125 5.625 5.0625 5.625 6.125 5.625 5.75 5.125 5.0625 6 6.0625 7.0625 5.5625 4.75 5 7.375 7.875 7 6.5625 6.3125 4.625 4 4.6875 5.1875 5 3.5625 4.25 6.4375 7.5625 9.9375 9.25 10 10.9375 9.6875 8.625 8.625
-1.6999999999999999388e+308 -1.6999999999999999388e+308 -1.6999999999999999388e+308 -1.6999999999999999388e+308 3.5 9.4375 19.4375 9.0625 5.9375 4.875 4.9375 4.75 6.4375 7.625 8.375 8.375 8.875 8.1875 6.1875 4.875 2.8125 4.25 5.875 8.6875 7.75 7.375 6.125 7.1875 4.875 3.75 2.5 1.8125 0.9375 2.3125 1.5625 1.625 3.1875 5.5625 6.25 6.6875 7.0625 7.9375
-1.6999999999999999388e+308 -1.6999999999999999388e+308 -1.6999999999999999388e+308 -1.6999999999999999388e+308 0.5999999999999999778 7.875 15.9375 14.8125 8.25 6.8125 5.4375 6.5 5.75 7.5625 8.625 9.0625 9.25 6.25 7.25 5.5 4.125 3.875 6.9375 7.875 8.8125 8.3125 5.75 5.8125 5.375 6.875 4.875 2.9375 1.0625 2 2.0625 1.875 1.9375 1 2.0625 1.375 2.0625 4
-1.6999999999999999388e+308 -1.6999999999999999388e+308 -1.6999999999999999388e+308 -1.6999999999999999388e+308 -0.5 6 13.0625 19.5 10.6875 8.625 6.1875 5.9375 7.125 7.3125 8.3125 8.3125 7.8125 7.8125 7.375 6.4375 6 6.3125 8.625 9 8.4375 7.5 5.5625 4.625 5.5 5.625 4.3125 3 2.4375 2.375 2.5625 2.125 1.625 1.8125 1.5 1.0625 2 1.625
-1.6999999999999999388e+308 -1.6999999999999999388e+308 -1.6999999999999999388e+308 -1.6999999999999999388e+308 -1.6999999999999999388e+308 6.8333333333333330373 17.375 14.125 8.125 5.125 7 7.1875 7.4375 7.875 8.3125 7.9375 8.625 8.1875 7.625 7.8125 8.125 7.5 9.8125 7.5625 6.25 6 4.8125 5.4375 4.25 3.4375 4.25 2.75 1.4375 1.625 2.0625 1.8125 1.25 1 1.75 1.1875 1.25 1.25
-1.6999999999999999388e+308 -1.6999999999999999388e+308 -1.6999999999999999388e+308 -1.6999999999999999388e+308 -1.6999999999999999388e+308 9.1428571428571423496 12.6875 7.5 4.9375 3.625 5 6.3125 8.8125 8.4375 8.25 8.4375 8.75 9.6875 8.75 7.9375 6.875 9.3125 8.9375 6.6875 5 4.0625 3 1.625 1.1875 1.5 2.125 1.875 1.25 1.5 1.5625 1.25 1.1875 1.875 1.5 1.625 2.25 1.4375
-1.6999999999999999388e+308 -1.6999999999999999388e+308 -1.6999999999999999388e+308 -1.6999999999999999388e+308 -1.6999999999999999388e+308 6.4666666666666667851 10.9375 6.9375 2.3125 1.25 3.8125 3.5625 5.9375 9.3125 10.1875 9.75 9.3125 9.25 8.125 8.8125 8.6875 10.0625 9 8.0625 4.5625 2.9375 2.0625 1.5 0.6875 1.5625 2 0.75 0.9375 1.1875 1.0625 1.25 1.3125 0.8125 1.4375 2 4.5 1.0625
-1.6999999999999999388e+308 -1.6999999999999999388e+308 -1.6999999999999999388e+308 -1.6999999999999999388e+308 -1.6999999999999999388e+308 3.3999999999999999112 10.8125 5.75 2.6875 1.375 2.4375 2.1875 2.875 7 8.4375 8.9375 8.25 8.375 7.875 8.6875 8.8125 9.4375 7.875 6.3125 4.625 3.25 2.3125 2.0625 1.9375 1.5625 2.1875 1.25 1 1 1.3125 1.125 0.75 0.9375 1.4375 1.4375 3.625 2.25
-1.6999999999999999388e+308 -1.6999999999999999388e+308 -1.6999999999999999388e+308 -1.6999999999999999388e+308 -1.6999999999999999388e+308 1 2.8571428571428572063 6.625 2.8125 1.6875 1.875 1.75 3.9375 4.1875 7.9375 10.3125 7 8.5625 9.625 7.8125 9.0625 8.5625 8.5 5.75 3.0625 2.8125 1.9375 2.5625 3.1875 1.8125 1.5 0.8125 1.5 1.25 0.8125 0.5625 1 1.3125 1.4375 0.875 2.1875 4.375
-1.6999999999999999388e+308 -1.6999999999999999388e+308 -1.6999999999999999388e+308 -1.6999999999999999388e+308 -1.6999999999999999388e+308 0 0.125 2.3999999999999999112 6.3125 4.0625 3.125 3.1875 3.8125 5.3125 7.5 7.125 7.125 8.625 9.9375 9.5625 9.375 9.8125 8.5 7.6875 3.3125 4.125 3.3125 4.25 4.125 2.4375 2.1875 2.0625 1.4375 1.3125 1.0625 1 1.5 0.875 1.3125 1.125 1.625 3.9375
-1.6999999999999999388e+308 -1.6999999999999999388e+308 -1.6999999999999999388e+308 -1.6999999999999999388e+308 -1.6999999999999999388e+308 -1.6999999999999999388e+308 -1.6999999999999999388e+308 1 4.4444444444444446418 6.375 2.5 1.75 1.4375 2.5 4.8125 8 6.6875 9.0625 10.25 10 10.3125 9.4375 9.0625 8.25 6.9375 6 5.8125 5.8125 4.75 3.75 2.0625 3.0625 1.6875 1.3125 1.375 1 0.9375 1.9375 1.6875 1.25 0.6875 2.125
-1.6999999999999999388e+308 -1.6999999999999999388e+308 -1.6999999999999999388e+308 -1.6999999999999999388e+308 -1.6999999999999999388e+308 -1.6999999999999999388e+308 -1.6999999999999999388e+308 -1.6999999999999999388e+308 -1.6999999999999999388e+308 4.7000000000000001776 4.5 2.75 2.9375 2.875 4.3125 6.1875 5.3125 6.375 7.5625 8.375 9 8.4375 8.5625 8.25 7.75 6.5 8.625 9.625 8.6875 5.875 4.375 4 2.5 2.1875 0.75 0.75 1.6875 1.25 1.5 1.0625 1.5 0.75
-1.6999999999999999388e+308 -1.6999999999999999388e+308 -1.6999999999999999388e+308 -1.6999999999999999388e+308 -1.6999999999999999388e+308 -1.6999999999999999388e+308 -1.6999999999999999388e+308 -1.6999999999999999388e+308 -1.6999999999999999388e+308 -1 3.8571428571428572063 7.375 6.375 4.1875 4.375 5.4375 6.0625 6.1875 7.0625 7.6875 8.9375 10.125 10.9375 8.0625 8.375 8.625 8.6875 9.75 6.9375 3.125 3.5625 2.1875 1.6875 1.25 1.125 0.875 1.5625 1.4375 1.5 1.125 1.3125 1
